pi=3.1416
j1=pi*3*1750*(1^2*(1^2/4+3^2/12+1^2)-0.8588^2*(0.8588^2/4+3^2/12+1^2))+1/3*pi*(1^2*0.8*(3/20*1^2+1/10*0.8^2-1/16*0.8^2+0.5^2)-0.8588^2*(0.8588*0.8)*(3/20*0.8588^2+1/10*(0.8588*0.8)^2-1/16*(0.8588*0.8)^2+0.5^2))